shibuya02_10599.png;(17, 16);(1841, 933);6
shibuya02_10599.png;(472, 623);(543, 726);1
shibuya02_10599.png;(565, 849);(710, 1063);3
shibuya02_10599.png;(1512, 819);(1635, 991);3
shibuya02_10599.png;(1232, 432);(1302, 490);1
shibuya02_10599.png;(412, 513);(462, 592);2
shibuya02_10599.png;(705, 668);(796, 811);4
shibuya02_10699.png;(434, 504);(489, 588);1
shibuya02_10699.png;(1625, 782);(1669, 894);2
shibuya02_10699.png;(393, 828);(516, 903);3
shibuya02_10699.png;(1821, 730);(1891, 871);4
shibuya02_10699.png;(1607, 553);(1703, 637);4
shibuya02_10699.png;(1440, 454);(1515, 608);6
shibuya02_10699.png;(1247, 447);(1285, 515);1
shibuya02_10599.png;(1240, 882);(1358, 1023);1
shibuya02_10599.png;(597, 422);(661, 509);3
shibuya02_10599.png;(1191, 449);(1215, 504);1
shibuya02_10599.png;(1515, 817);(1597, 1051);3
shibuya02_10599.png;(296, 546);(380, 647);4
shibuya02_10599.png;(1719, 611);(1756, 684);1
shibuya02_10599.png;(739, 915);(813, 1055);1
shibuya02_10599.png;(1145, 369);(1180, 436);2
